1706
4823
14068
39056
9821
10268
11319
15016
16570
21032
22373
21968
25892
47574
442
3428
3209
5162
8342
8747
11314
13993
15116
22770
31296
38574
41576
60222
60926
62265
79211
88063
51576
54060
55711
68320
70242
76415
84761
91193
56758
64897
63670
77118
87817
51051
56852
60832
63000
62717
74069
76002
75104
76438
81724
82047
83405
86120
89834
96116
96176
97987
55015
54908
58208
93544
6492
37179
31291
4357
11936
3617
5737
20826
26264
39898
43770
47727
3997
5139
8145
12752
11599
13436
13247
22186
28097
28803
28528
41654
49086
5793
10230
13883
17632
34804
37608
43741
62575
74465
50837
60749
98894
69655
69701
73884
74171
84931
91854
94677
50795
51696
55416
55404
58676
63405
70791
70276
73519
72757
73429
74664
82573
82876
86226
88369
94689
97635
74656
88937
89544
96371
47053
37930
22423
19907
27373
31386
19479
24144
38961
8656
14777
20047
26497
29352
30269
33928
33995
34927
37264
40004
41627
44980
19119
28177
33502
82363
93515
64781
69512
56736
71049
79687
81174
85408
71301
73059
72635
79736
52763
53381
54242
54675
55013
58663
56731
61023
67500
67901
70981
71929
73728
78177
77923
80144
80267
78382
86297
86152
87729
92904
98877
53182
53477
62343
68937
84583
5402
6426
28252
33547
16854
21541
30660
7796
25543
40634
46389
5613
8049
19406
32761
37377
5412
7321
6527
9184
17949
25711
30719
31059
33574
35440
34896
36271
48781
7053
10820
13647
23487
23193
30330
41606
48074
83864
54979
55122
58320
60516
70900
75612
81843
52352
58107
67329
77918
80877
88520
50205
57115
56996
58776
61383
62015
62134
68405
73321
73867
78439
81769
92504
95339
54830
64201
84504
45265
1441
29010
47355
11108
39449
9441
11455
11813
21236
23286
25803
26297
20841
21878
24605
26745
31431
32238
38126
39557
39977
43920
49184
14386
50912
75942
67742
51842
67279
72789
71932
77716
94079
59540
64663
63367
68540
76822
88116
97210
51700
55432
80300
86829
86514
90615
32488
44376
49033
706
14398
15592
16951
22050
26097
35169
6467
16300
20239
27621
32495
45696
2344
13129
18926
25267
24732
24387
31797
34549
35219
36598
40899
8433
10929
15587
23995
23896
35107
37477
47682
49653
85596
59127
88305
82110
65864
73761
53408
57541
57051
60487
59677
65265
63176
66217
71019
86066
58889
62740
66919
66014
72657
72929
74006
78602
82330
85437
87776
89742
92286
92419
95201
96947
97021
53155
58806
62189
64544
71851
75922
99990
29029
42995
2588
8693
17088
31271
42002
11700
37026
47110
2227
11600
16437
21702
26921
34083
47475
3874
5307
10615
13630
21112
30024
29702
53546
58692
78647
58374
68794
70418
77574
79720
92019
54910
62930
67519
68163
75234
77264
80280
91903
92392
94841
97719
97699
50504
52187
54015
56286
57536
59826
63057
65506
44419
7952
25521
2525
5652
28723
47826
2935
11888
11045
18322
20837
22849
26245
35904
40383
46239
17109
18173
19337
23481
29992
32061
37098
40798
45065
48874
7766
8155
13777
18783
36576
48689
63913
81312
84538
92066
99991
55188
59700
59622
84225
87327
56626
61838
68792
73420
76937
81956
90386
92962
99644
50319
52022
55269
62434
65189
65220
68981
79278
85493
86844
87038
90494
90175
89910
91581
92765
94330
97017
98549
99419
51473
55246
55919
55025
64092
67158
77260
91620
93172
98721
